   3.2002684e+01   1.1158261e-02  -1.0502588e-04
   3.1827313e+01   3.3393111e+00   3.7334312e-04
   3.1294773e+01   6.6390272e+00  -4.0095304e-03
   3.0419924e+01   9.8739627e+00  -6.1236562e-03
   2.9217623e+01   1.3007774e+01  -1.5911044e-02
   2.7702731e+01   1.6004116e+01  -1.5580704e-02
   2.5890108e+01   1.8826645e+01  -1.5392645e-02
   2.3794613e+01   2.1439018e+01   2.4111217e-03
   2.1431186e+01   2.3804986e+01   8.7901596e-05
   1.8821857e+01   2.5896722e+01  -2.5603273e-03
   1.6001190e+01   2.7701285e+01  -4.1346622e-03
   1.3005031e+01   2.9207259e+01  -9.9651989e-03
   9.8692259e+00   3.0403227e+01  -1.2810033e-02
   6.6296199e+00   3.1277769e+01  -1.2934260e-02
   3.3220588e+00   3.1819470e+01   3.7000247e-03
  -1.7611773e-02   3.2016910e+01   1.2047253e-03
  -3.3535460e+00   3.1858673e+01  -5.3272538e-03
  -6.6500328e+00   3.1334361e+01  -3.2961054e-03
  -9.8736370e+00   3.0450826e+01  -1.1987667e-02
  -1.2992821e+01   2.9229305e+01  -1.4469150e-02
  -1.5976107e+01   2.7691479e+01  -1.6357805e-02
  -1.8792015e+01   2.5859023e+01   3.1211638e-04
  -2.1409065e+01   2.3753617e+01  -2.4176388e-03
  -2.3795779e+01   2.1396938e+01  -6.7293219e-03
  -2.5920678e+01   1.8810665e+01  -6.6211850e-03
  -2.7752282e+01   1.6016474e+01  -1.3716480e-02
  -2.9262199e+01   1.3037744e+01  -1.6587966e-02
  -3.0441185e+01   9.9083865e+00  -1.8423952e-02
  -3.1287322e+01   6.6663475e+00  -8.3670113e-04
  -3.1798710e+01   3.3495812e+00  -1.3244867e-03
  -3.1973447e+01  -3.9581822e-03  -6.2315833e-03
  -3.1809632e+01  -3.3563167e+00  -8.3662651e-03
  -3.1305364e+01  -6.6695401e+00  -1.5233806e-02
  -3.0458742e+01  -9.9056743e+00  -1.8168481e-02
  -2.9267878e+01  -1.3026771e+01  -1.9563540e-02
  -2.7738461e+01  -1.5998087e+01  -2.7864001e-04
  -2.5896145e+01  -1.8793324e+01  -3.8742376e-03
  -2.3769834e+01  -2.1387560e+01  -7.6793839e-03
  -2.1388436e+01  -2.3755872e+01  -1.2077130e-02
  -1.8780856e+01  -2.5873339e+01  -2.0591526e-02
  -1.5976000e+01  -2.7715038e+01  -2.2673623e-02
  -1.3002773e+01  -2.9256047e+01  -2.2442471e-02
  -9.8900814e+00  -3.0471444e+01  -3.8281224e-03
  -6.6669357e+00  -3.1336730e+01  -6.5358517e-03
  -3.3658284e+00  -3.1841560e+01  -9.8438101e-03
  -2.3468668e-02  -3.1992722e+01  -1.3010643e-02
   3.3231811e+00  -3.1798033e+01  -1.9449963e-02
   6.6371586e+00  -3.1265310e+01  -2.0110385e-02
   9.8815017e+00  -3.0402370e+01  -1.9205522e-02
   1.3019248e+01  -2.9217030e+01   7.3801220e-04
   1.6013435e+01  -2.7717106e+01  -4.3913962e-03
   1.8827101e+01  -2.5910417e+01  -5.5373609e-03
   2.1424422e+01  -2.3806343e+01  -8.7316558e-03
   2.3780794e+01  -2.1429699e+01  -1.6930783e-02
   2.5878000e+01  -1.8814079e+01  -1.9329274e-02
   2.7697896e+01  -1.5993178e+01  -1.9627148e-02
   2.9222338e+01  -1.3000694e+01  -3.1604283e-03
   3.0433181e+01  -9.8703226e+00  -5.4381347e-03
   3.1312283e+01  -6.6357591e+00  -8.9862890e-03
   3.1841498e+01  -3.3307001e+00  -1.0547912e-02
   3.2002684e+01   1.1158261e-02  -1.9673026e-02
   3.5667133e+01   1.3093944e-02  -2.0555162e-02
   3.5472960e+01   3.7224245e+00  -1.9956491e-02
   3.4880335e+01   7.4000330e+00   1.4952275e-03
   3.3905870e+01   1.1005427e+01  -1.4475457e-03
   3.2566175e+01   1.4498115e+01  -5.8623518e-03
   3.0877862e+01   1.7837603e+01  -6.3947314e-03
   2.8857542e+01   2.0983400e+01  -1.4687225e-02
   2.6521825e+01   2.3895012e+01  -1.7705374e-02
   2.3887412e+01   2.6532055e+01  -1.6639397e-02
   2.0978895e+01   2.8863518e+01   5.2838150e-03
   1.7834813e+01   3.0874968e+01   8.3245158e-04
   1.4495134e+01   3.2553666e+01  -3.1741777e-03
   1.0999825e+01   3.3886872e+01  -1.4657632e-03
   7.3888515e+00   3.4861849e+01  -1.3592995e-02
   3.7021810e+00   3.5465856e+01  -1.6478564e-02
  -2.0219886e-02   3.5686155e+01  -1.6172161e-02
  -3.7383844e+00   3.5510008e+01   4.6665250e-03
  -7.4124967e+00   3.4925810e+01   3.0830502e-04
  -1.1005297e+01   3.3941196e+01  -4.9215073e-03
  -1.4481655e+01   3.2579838e+01  -7.7815095e-03
  -1.7806508e+01   3.0865900e+01  -1.4604082e-02
  -2.0944791e+01   2.8823544e+01  -1.9417606e-02
  -2.3861440e+01   2.6476933e+01  -1.8962462e-02
  -2.6521392e+01   2.3850231e+01  -1.2410306e-03
  -2.8889581e+01   2.0967601e+01  -2.6826924e-03
  -3.0930945e+01   1.7853206e+01  -1.0577828e-02
  -3.2613856e+01   1.4533104e+01  -8.3030075e-03
  -3.3928001e+01   1.1045096e+01  -1.8385584e-02
  -3.4871225e+01   7.4314808e+00  -1.9914352e-02
  -3.5441393e+01   3.7345674e+00  -1.8998147e-02
  -3.5636368e+01  -3.3368856e-03   3.0119704e-04
  -3.5454011e+01  -3.7399239e+00  -4.7051546e-03
  -3.4892186e+01  -7.4328859e+00  -6.4180365e-03
  -3.3948757e+01  -1.1039915e+01  -8.0822830e-03
  -3.2621602e+01  -1.4518709e+01  -1.5610673e-02
  -3.0917049e+01  -1.7830542e+01  -1.9932835e-02
  -2.8863696e+01  -2.0946107e+01  -2.0019549e-02
  -2.6493768e+01  -2.3837630e+01   3.1799181e-03
  -2.3839491e+01  -2.6477338e+01  -5.0986990e-03
  -2.0933090e+01  -2.8837460e+01  -1.0332666e-02
  -1.7806790e+01  -3.0890223e+01  -8.6532492e-03
  -1.4492816e+01  -3.2607853e+01  -1.9480714e-02
  -1.1023395e+01  -3.3962578e+01  -2.3798327e-02
  -7.4308673e+00  -3.4927098e+01  -2.3192396e-02
  -3.7514524e+00  -3.5489880e+01  -1.5163911e-03
  -2.6065178e-02  -3.5658484e+01  -3.6253168e-03
   3.7040978e+00  -3.5441614e+01  -5.5941272e-03
   7.3978402e+00  -3.4847975e+01  -8.9007767e-03
   1.1013965e+01  -3.3886272e+01  -1.6429220e-02
   1.4511277e+01  -3.2565210e+01  -1.8720411e-02
   1.7848578e+01  -3.0893492e+01  -1.9400304e-02
   2.0984673e+01  -2.8879824e+01   2.1201464e-03
   2.3879632e+01  -2.6534656e+01  -5.0222743e-04
   2.6506014e+01  -2.3885644e+01  -4.6514138e-03
   2.8843486e+01  -2.0970237e+01  -3.8322882e-03
   3.0871797e+01  -1.7825995e+01  -1.4089961e-02
   3.2570695e+01  -1.4490480e+01  -1.8231542e-02
   3.3919929e+01  -1.1001252e+01  -1.9281143e-02
   3.4899248e+01  -7.3958732e+00  -8.8872449e-05
   3.5488400e+01  -3.7119042e+00  -5.9218420e-03
   3.5667133e+01   1.3093944e-02  -4.5231616e-03
   3.9335596e+01   1.3606635e-02  -2.0959921e-03
   3.9121187e+01   4.1047278e+00  -1.1218326e-02
   3.8467395e+01   8.1606386e+00  -1.4021145e-02
   3.7392544e+01   1.2136733e+01  -1.4074490e-02
   3.5914959e+01   1.5988407e+01   5.7065971e-03
   3.4052965e+01   1.9671053e+01   2.1120757e-03
   3.1824887e+01   2.3140066e+01   7.1390431e-04
   2.9249049e+01   2.6350842e+01   2.9870415e-03
   2.6343875e+01   2.9258890e+01  -5.7919164e-03
   2.3136482e+01   3.1830040e+01  -5.5362055e-03
   1.9669358e+01   3.4048359e+01  -8.3447650e-03
   1.5986559e+01   3.5899779e+01   9.4846175e-03
   1.2132145e+01   3.7370231e+01   4.7471547e-03
   8.1501741e+00   3.8445647e+01   5.6730591e-03
   4.0847041e+00   3.9111960e+01   5.0995431e-03
  -2.0206413e-02   3.9355100e+01  -7.7781806e-03
  -4.1204993e+00   3.9161001e+01  -1.0765899e-02
  -8.1722819e+00   3.8516847e+01  -1.1013641e-02
  -1.2134465e+01   3.7431053e+01   7.8735837e-03
  -1.5968296e+01   3.5929736e+01   6.2632637e-03
  -1.9635095e+01   3.4039551e+01  -2.8464604e-04
  -2.3096182e+01   3.1787158e+01  -1.3451906e-03
  -2.6312876e+01   2.9199212e+01  -1.0832415e-02
  -2.9246497e+01   2.6302372e+01  -1.3922365e-02
  -3.1858365e+01   2.3123293e+01  -1.4120086e-02
  -3.4109798e+01   1.9688634e+01   7.6763777e-03
  -3.5965908e+01   1.6027139e+01   5.1055618e-03
  -3.7415320e+01   1.2180499e+01   2.0559987e-04
  -3.8455660e+01   8.1953585e+00   1.3913494e-04
  -3.9084571e+01   4.1183751e+00  -8.2922112e-03
  -3.9299698e+01  -3.7953220e-03  -1.0792817e-02
  -3.9098686e+01  -4.1244966e+00  -1.1383060e-02
  -3.8479179e+01  -8.1970725e+00   6.3896801e-03
  -3.7438820e+01  -1.2174867e+01   7.5620264e-03
  -3.5975273e+01  -1.6011231e+01   1.5546488e-03
  -3.4095516e+01  -1.9663459e+01   1.3347281e-03
  -3.1831086e+01  -2.3099236e+01  -9.6633052e-03
  -2.9217523e+01  -2.6287944e+01  -1.2525068e-02
  -2.6290363e+01  -2.9198960e+01  -1.3988178e-02
  -2.3085146e+01  -3.1801664e+01   2.9427479e-03
  -1.9637409e+01  -3.4065436e+01  -7.0890772e-04
  -1.5982690e+01  -3.5959655e+01  -1.9697620e-03
  -1.2156528e+01  -3.7453700e+01  -3.7854323e-03
  -8.1945877e+00  -3.8517471e+01  -1.3812479e-02
  -4.1368174e+00  -3.9138246e+01  -1.4618320e-02
  -2.8346908e-02  -3.9324344e+01  -1.4371901e-02
   4.0853826e+00  -3.9085348e+01   1.4501190e-03
   8.1589301e+00  -3.8430838e+01   5.9610831e-03
   1.2146854e+01  -3.7370398e+01   8.4633336e-04
   1.6003714e+01  -3.5913607e+01   2.6522120e-03
   1.9684069e+01  -3.4070049e+01  -9.1439386e-03
   2.3142476e+01  -3.1849304e+01  -1.0206776e-02
   2.6334897e+01  -2.9262883e+01  -9.0138632e-03
   2.9231096e+01  -2.6341314e+01   8.2025976e-03
   3.1808695e+01  -2.3125944e+01   4.7486362e-03
   3.4045407e+01  -1.9658246e+01   2.6000026e-03
   3.5918944e+01  -1.5979693e+01   2.0204471e-03
   3.7407019e+01  -1.2131758e+01  -1.2104280e-02
   3.8487344e+01  -8.1559147e+00  -1.4578429e-02
   3.9137632e+01  -4.0936354e+00  -1.2560250e-02
   3.9335596e+01   1.3606635e-02   5.2370079e-03
   4.3002960e+01   1.5163984e-02   1.1329883e-02
   4.2768481e+01   4.4876733e+00   4.0834576e-03
   4.2053712e+01   8.9216075e+00   3.5702364e-03
   4.0878676e+01   1.3268226e+01  -5.8274360e-03
   3.9263396e+01   1.7478788e+01  -7.3592146e-03
   3.7227892e+01   2.1504554e+01  -5.2607548e-03
   3.4792187e+01   2.5296782e+01   1.5077289e-02
   3.1976303e+01   2.8806731e+01   1.3160260e-02
   2.8800370e+01   3.1985790e+01   7.0954498e-03
   2.5294026e+01   3.4796612e+01   9.0163823e-03
   2.1503721e+01   3.7221769e+01   3.1673120e-04
   1.7477624e+01   3.9245867e+01  -4.2157858e-03
   1.3263902e+01   4.0853516e+01  -4.3804511e-03
   8.9107232e+00   4.2029321e+01   1.6605453e-02
   4.4662566e+00   4.2757892e+01   8.0786435e-03
  -2.1329906e-02   4.3023837e+01   5.9038386e-03
  -4.5038682e+00   4.2811761e+01   4.3747558e-03
  -8.9333714e+00   4.2107646e+01  -3.4962233e-03
  -1.3264920e+01   4.0920688e+01  -8.2022552e-03
  -1.7456152e+01   3.9279443e+01  -9.3894657e-03
  -2.1464785e+01   3.7213061e+01   7.2720111e-03
  -2.5248535e+01   3.4750689e+01   7.4000415e-03
  -2.8765119e+01   3.1921478e+01   3.1914913e-03
  -3.1972253e+01   2.8754575e+01   4.7522661e-04
  -3.4827654e+01   2.5279130e+01  -6.7238865e-03
  -3.7289038e+01   2.1524291e+01  -9.4999821e-03
  -3.9318267e+01   1.7521488e+01  -9.8314093e-03
  -4.0902902e+01   1.3316296e+01   1.4937744e-02
  -4.2040344e+01   8.9597059e+00   8.7461301e-03
  -4.2728012e+01   4.5027197e+00   4.3113914e-03
  -4.2963327e+01  -3.6611946e-03   3.4141696e-03
  -4.2743710e+01  -4.5084349e+00  -8.0348932e-03
  -4.2066581e+01  -8.9605999e+00  -8.9491552e-03
  -4.0929360e+01  -1.3309154e+01  -1.0226974e-02
  -3.9329488e+01  -1.7503105e+01   1.3785336e-02
  -3.7274589e+01  -2.1495767e+01   6.0320580e-03
  -3.4799142e+01  -2.5251816e+01   1.9326711e-03
  -3.1941997e+01  -2.8737777e+01   1.9647854e-03
  -2.8742006e+01  -3.1920177e+01  -8.4159892e-03
  -2.5238018e+01  -3.4765540e+01  -1.2327043e-02
  -2.1468885e+01  -3.7240391e+01  -1.3107766e-02
  -1.7473458e+01  -3.9311257e+01   4.5324517e-03
  -1.3290587e+01  -4.0944663e+01   5.3322197e-03
  -8.9592630e+00  -4.2107702e+01  -1.3757814e-03
  -4.5231589e+00  -4.2786465e+01  -1.9612481e-03
  -3.1615548e-02  -4.2990037e+01  -9.1918285e-03
   4.4656859e+00  -4.2728887e+01  -1.1773846e-02
   8.9190644e+00  -4.2013481e+01  -1.1081625e-02
   1.3278839e+01  -4.0854286e+01   1.1987511e-02
   1.7495328e+01  -3.9261769e+01   8.7302393e-03
   2.1518852e+01  -3.7246397e+01   3.8792354e-03
   2.5299728e+01  -3.4818637e+01   6.5591758e-03
   2.8789808e+01  -3.1991065e+01  -2.9974930e-03
   3.1956041e+01  -2.8797063e+01  -7.1411698e-03
   3.4773967e+01  -2.5281845e+01  -8.0888441e-03
   3.7219228e+01  -2.1490766e+01   7.8521933e-03
   3.9267463e+01  -1.7469180e+01   9.9396518e-03
   4.0894313e+01  -1.3262440e+01   5.7202406e-03
   4.2075419e+01  -8.9159006e+00   5.4556692e-03
   4.2786422e+01  -4.4749146e+00  -6.4443532e-03
   4.3002960e+01   1.5163984e-02  -8.8811172e-03
   4.6669312e+01   1.7176338e-02  -4.8469786e-03
   4.6415105e+01   4.8708076e+00   1.3845786e-02
   4.5639636e+01   9.6826016e+00   9.4432380e-03
   4.4364630e+01   1.4399663e+01   4.1731415e-03
   4.2611808e+01   1.8969095e+01   9.2442605e-03
   4.0402897e+01   2.3338002e+01  -3.0236411e-03
   3.7759618e+01   2.7453490e+01  -3.1787993e-03
   3.4703696e+01   3.1262661e+01  -6.5845024e-04
   3.1256973e+01   3.4712759e+01   2.1443288e-02
   2.7451613e+01   3.7763252e+01   2.0355792e-02
   2.3338039e+01   4.0395222e+01   1.2454561e-02
   1.8968535e+01   4.2591958e+01   1.4428895e-02
   1.4395390e+01   4.4336752e+01   5.0920968e-03
   9.6708903e+00   4.5612894e+01   1.4704674e-03
   4.8473217e+00   4.6403674e+01   2.1293079e-03
  -2.3028669e-02   4.6692383e+01   2.1117920e-02
  -4.8878741e+00   4.6462313e+01   1.4114605e-02
  -9.6951253e+00   4.5698241e+01   1.0217090e-02
  -1.4396032e+01   4.4410148e+01   8.8525433e-03
  -1.8944631e+01   4.2629026e+01   1.3228084e-03
  -2.3295041e+01   4.0386510e+01  -9.6038150e-04
  -2.7401382e+01   3.7714235e+01  -9.2829311e-04
  -3.1217776e+01   3.4643837e+01   1.6688807e-02
  -3.4698342e+01   3.1206951e+01   1.7636651e-02
  -3.7797202e+01   2.7435210e+01   1.3256974e-02
  -4.0468474e+01   2.3360252e+01   1.1977508e-02
  -4.2670775e+01   1.9016186e+01   1.9658242e-03
  -4.4390605e+01   1.4452472e+01   9.9909044e-04
  -4.5625133e+01   9.7244481e+00   1.8233414e-03
  -4.6371556e+01   4.8874624e+00   1.7460602e-02
  -4.6627066e+01  -3.1358787e-03   1.6316896e-02
  -4.6388856e+01  -4.8919978e+00   1.2732248e-02
  -4.5654122e+01  -9.7237745e+00   9.6536839e-03
  -4.4420057e+01  -1.4443117e+01   3.8662272e-03
  -4.2683876e+01  -1.8994685e+01   1.0309501e-03
  -4.0453850e+01  -2.3327815e+01   1.3877552e-03
  -3.7767397e+01  -2.7404170e+01   1.4692003e-02
  -3.4666681e+01  -3.1187419e+01   1.5233714e-02
  -3.1193868e+01  -3.4641232e+01   8.2339099e-03
  -2.7391123e+01  -3.7729280e+01   6.5056107e-03
  -2.3300609e+01  -4.0415233e+01  -2.1001625e-03
  -1.8964492e+01  -4.2662761e+01  -4.6803890e-03
  -1.4424935e+01  -4.4435534e+01  -4.7800478e-03
  -9.7242576e+00  -4.5697840e+01   1.3226824e-02
  -4.9098543e+00  -4.6434579e+01   1.1284518e-02
  -3.5272426e-02  -4.6655612e+01   9.2051757e-03
   4.8455722e+00  -4.6372296e+01   9.4999516e-03
   9.6787637e+00  -4.5595988e+01   1.4509996e-03
   1.4410386e+01  -4.4338045e+01   2.2747370e-04
   1.8986524e+01  -4.2609824e+01   2.7115280e-03
   2.3353262e+01  -4.0422682e+01   1.7113317e-02
   2.7456683e+01  -3.7787976e+01   1.5245993e-02
   3.1244533e+01  -3.4719354e+01   1.5218840e-02
   3.4680929e+01  -3.1253033e+01   1.2266816e-02
   3.7739301e+01  -2.7438077e+01   4.8882934e-03
   4.0393191e+01  -2.3323697e+01   2.3893679e-03
   4.2616139e+01  -1.8959103e+01   1.4691344e-03
   4.4381685e+01  -1.4393507e+01   1.7765688e-02
   4.5663369e+01  -9.6761216e+00   1.4171124e-02
   4.6434732e+01  -4.8561565e+00   1.2431536e-02
   4.6669312e+01   1.7176338e-02   1.2240021e-02
   5.0335247e+01   1.8753221e-02   5.4974516e-03
   5.0061697e+01   5.2534899e+00   1.9794645e-03
   4.9225773e+01   1.0443174e+01   1.4027398e-03
   4.7850927e+01   1.5530743e+01   1.8225291e-02
   4.5960610e+01   2.0459131e+01   1.7004131e-02
   4.3578274e+01   2.5171277e+01   1.5497273e-02
   4.0727370e+01   2.9610116e+01   1.5092730e-02
   3.7431349e+01   3.3718584e+01   9.7745162e-03
   3.3713790e+01   3.7439769e+01   9.1466950e-03
   2.9609400e+01   4.0729947e+01   8.0889013e-03
   2.5172567e+01   4.3568715e+01   2.5294423e-02
   2.0459688e+01   4.5938054e+01   2.2642279e-02
   1.5527162e+01   4.7819946e+01   2.0543489e-02
   1.0431387e+01   4.9196373e+01   1.8441073e-02
   5.2287619e+00   5.0049314e+01   6.9130479e-03
  -2.4315921e-02   5.0360753e+01   5.8164346e-03
  -5.2714479e+00   5.0112669e+01   5.1222519e-03
  -1.0456449e+01   4.9288650e+01   1.9393506e-02
  -1.5526739e+01   4.7899457e+01   1.7772129e-02
  -2.0432745e+01   4.5978511e+01   1.4838638e-02
  -2.5124986e+01   4.3559928e+01   1.3593684e-02
  -2.9553981e+01   4.0677822e+01   6.6869166e-03
  -3.3670248e+01   3.7366306e+01   3.2109851e-03
  -3.7424307e+01   3.3659496e+01   2.0205393e-03
  -4.0766676e+01   2.9591505e+01   1.7733229e-02
  -4.3647874e+01   2.5196449e+01   1.5837703e-02
  -4.6023268e+01   2.0511112e+01   9.4187998e-03
  -4.7878294e+01   1.5588843e+01   1.2245708e-02
  -4.9209897e+01   1.0489333e+01   4.3045654e-03
  -5.0015048e+01   5.2722823e+00   1.9214910e-03
  -5.0290716e+01  -2.6051080e-03   2.4616038e-03
  -5.0033871e+01  -5.2756270e+00   2.0128023e-02
  -4.9241482e+01  -1.0487081e+01   1.4150867e-02
  -4.7910519e+01  -1.5577264e+01   1.2007256e-02
  -4.6037975e+01  -2.0486484e+01   9.8413623e-03
  -4.3632767e+01  -2.5160093e+01   1.7649904e-03
  -4.0735258e+01  -2.9556743e+01  -9.2858142e-04
  -3.7390927e+01  -3.3637255e+01  -2.2947836e-03
  -3.3645254e+01  -3.7362447e+01   1.0651954e-02
  -2.9543721e+01  -4.0693139e+01   8.9552004e-03
  -2.5131808e+01  -4.3590149e+01   5.3295260e-03
  -2.0454996e+01  -4.6014297e+01   5.1685004e-03
  -1.5558764e+01  -4.7926402e+01  -2.2273068e-03
  -1.0488759e+01  -4.9287950e+01  -6.8826209e-03
  -5.2960983e+00  -5.0082655e+01  -5.3537517e-03
  -3.8531887e-02  -5.0321149e+01   1.0414258e-02
   5.2257943e+00  -5.0015680e+01   1.2695803e-02
   1.0438734e+01  -4.9178493e+01   8.1102786e-03
   1.5542140e+01  -4.7821837e+01   9.9850797e-03
   2.0477868e+01  -4.5957957e+01  -4.9163985e-03
   2.5187769e+01  -4.3599100e+01  -2.3447610e-03
   2.9613699e+01  -4.0757513e+01  -4.0616129e-03
   3.3699300e+01  -3.7447912e+01   1.8656463e-02
   3.7405850e+01  -3.3709349e+01   1.5468376e-02
   4.0704665e+01  -2.9594727e+01   1.1226466e-02
   4.3567176e+01  -2.5157108e+01   7.2618535e-03
   4.5964813e+01  -2.0449555e+01   9.0265821e-04
   4.7869008e+01  -1.5525130e+01  -2.7999997e-03
   4.9251191e+01  -1.0436895e+01  -2.7550002e-03
   5.0082794e+01  -5.2379133e+00   1.4613777e-02
   5.0335247e+01   1.8753221e-02   1.1330452e-02
   5.4001361e+01   1.9004161e-02   1.1210202e-02
   5.3708892e+01   5.6350796e+00   9.4472991e-03
   5.2812727e+01   1.1202879e+01   5.9622124e-05
   5.1338092e+01   1.6661166e+01  -1.6759394e-03
   4.9310214e+01   2.1948703e+01  -9.3349566e-04
   4.6754318e+01   2.7004255e+01   1.7682843e-02
   4.3695632e+01   3.1766585e+01   1.8900967e-02
   4.0159380e+01   3.6174457e+01   1.4605765e-02
   3.6170925e+01   4.0166794e+01   1.6689765e-02
   3.1767541e+01   4.3696683e+01   6.2215864e-03
   2.7007562e+01   4.6742244e+01   4.3980180e-03
   2.1951474e+01   4.9284158e+01   4.5299861e-03
   1.6659767e+01   5.1303106e+01   2.1254417e-02
   1.1192926e+01   5.2779768e+01   2.2731238e-02
   5.6114398e+00   5.3694824e+01   1.7895375e-02
  -2.4204882e-02   5.4028957e+01   1.3774754e-02
  -5.6535205e+00   5.3762845e+01   6.8193024e-03
  -1.1216247e+01   5.2878891e+01   1.1822313e-03
  -1.6655976e+01   5.1388638e+01   1.7506498e-03
  -2.1919509e+01   4.9327927e+01   1.9183575e-02
  -2.6953746e+01   4.6733344e+01   1.9266716e-02
  -3.1705588e+01   4.3641474e+01   1.3812782e-02
  -3.6121935e+01   4.0088901e+01   1.1634480e-02
  -4.0149687e+01   3.6112209e+01   7.7452071e-04
  -4.3735745e+01   3.1747985e+01  -1.0823883e-03
  -4.6827008e+01   2.7032812e+01  -2.1537914e-05
  -4.9375581e+01   2.2006145e+01   1.9519055e-02
  -5.1365837e+01   1.6725225e+01   1.5836665e-02
  -5.2794504e+01   1.1254107e+01   1.6396599e-02
  -5.3658335e+01   5.6568583e+00   1.3751131e-02
  -5.3954083e+01  -2.4546160e-03   5.2855365e-03
  -5.3678500e+01  -5.6597643e+00   2.0080894e-03
  -5.2828339e+01  -1.1251003e+01   1.7740644e-03
  -5.1400353e+01  -1.6712105e+01   1.8416736e-02
  -4.9391319e+01  -2.1979011e+01   1.5351445e-02
  -4.6810810e+01  -2.6993086e+01   1.3825935e-02
  -4.3702133e+01  -3.1709981e+01   9.6956462e-03
  -4.0114085e+01  -3.6087674e+01   1.6907901e-03
  -3.6095466e+01  -4.0084144e+01  -3.0314229e-03
  -3.1695076e+01  -4.3657369e+01  -3.8737821e-03
  -2.6961713e+01  -4.6765327e+01   1.7094923e-02
  -2.1944176e+01  -4.9365996e+01   1.3702904e-02
  -1.6691265e+01  -5.1417355e+01   9.6553709e-03
  -1.1251954e+01  -5.2878098e+01   6.8329281e-03
  -5.6810857e+00  -5.3730755e+01  -5.2578560e-04
  -4.0608274e-02  -5.3986726e+01  -2.2644353e-03
   5.6071050e+00  -5.3659142e+01  -5.7300219e-04
   1.1199681e+01  -5.2761131e+01   1.9109533e-02
   1.6674745e+01  -5.1305826e+01   1.6935188e-02
   2.1969924e+01  -4.9306355e+01   1.4036983e-02
   2.7022844e+01  -4.6775849e+01   1.7511937e-02
   3.1771132e+01  -4.3727438e+01   7.0690677e-03
   3.6154333e+01  -4.0176902e+01   2.6947022e-03
   4.0130894e+01  -3.6166133e+01   3.5313323e-03
   4.3670025e+01  -3.1751882e+01   2.0190092e-02
   4.6741057e+01  -2.6991073e+01   2.0336977e-02
   4.9313323e+01  -2.1940631e+01   1.5210986e-02
   5.1356154e+01  -1.6657478e+01   1.2121116e-02
   5.2838882e+01  -1.1198539e+01   1.3043636e-03
   5.3730841e+01  -5.6207369e+00   7.3072652e-04
   5.4001361e+01   1.9004161e-02   3.1920179e-04
