   3.2002684e+01   1.1158261e-02  -1.0084026e-02
   3.1827313e+01   3.3393111e+00  -1.0479657e-02
   3.1294773e+01   6.6390272e+00  -1.0537530e-02
   3.0419924e+01   9.8739627e+00  -1.0327656e-02
   2.9217623e+01   1.3007774e+01  -9.9200440e-03
   2.7702731e+01   1.6004116e+01  -9.3847038e-03
   2.5890108e+01   1.8826645e+01  -8.7916453e-03
   2.3794613e+01   2.1439018e+01  -8.2108783e-03
   2.1431186e+01   2.3804986e+01  -7.7120984e-03
   1.8821857e+01   2.5896722e+01  -7.3373273e-03
   1.6001190e+01   2.7701285e+01  -7.0796622e-03
   1.3005031e+01   2.9207259e+01  -6.9271989e-03
   9.8692259e+00   3.0403227e+01  -6.8680330e-03
   6.6296199e+00   3.1277769e+01  -6.8902599e-03
   3.3220588e+00   3.1819470e+01  -6.9819753e-03
  -1.7611773e-02   3.2016910e+01  -7.1312747e-03
  -3.3535460e+00   3.1858673e+01  -7.3262538e-03
  -6.6500328e+00   3.1334361e+01  -7.5551054e-03
  -9.8736370e+00   3.0450826e+01  -7.8076674e-03
  -1.2992821e+01   2.9229305e+01  -8.0751498e-03
  -1.5976107e+01   2.7691479e+01  -8.3488046e-03
  -1.8792015e+01   2.5859023e+01  -8.6198836e-03
  -2.1409065e+01   2.3753617e+01  -8.8796388e-03
  -2.3795779e+01   2.1396938e+01  -9.1193219e-03
  -2.5920678e+01   1.8810665e+01  -9.3301850e-03
  -2.7752282e+01   1.6016474e+01  -9.5034799e-03
  -2.9262199e+01   1.3037744e+01  -9.6329660e-03
  -3.0441185e+01   9.9083865e+00  -9.7279523e-03
  -3.1287322e+01   6.6663475e+00  -9.8037011e-03
  -3.1798710e+01   3.3495812e+00  -9.8754867e-03
  -3.1973447e+01  -3.9581822e-03  -9.9585833e-03
  -3.1809632e+01  -3.3563167e+00  -1.0068265e-02
  -3.1305364e+01  -6.6695401e+00  -1.0219806e-02
  -3.0458742e+01  -9.9056743e+00  -1.0428481e-02
  -2.9267878e+01  -1.3026771e+01  -1.0709540e-02
  -2.7738461e+01  -1.5998087e+01  -1.1065640e-02
  -2.5896145e+01  -1.8793324e+01  -1.1466238e-02
  -2.3769834e+01  -2.1387560e+01  -1.1875384e-02
  -2.1388436e+01  -2.3755872e+01  -1.2257130e-02
  -1.8780856e+01  -2.5873339e+01  -1.2575526e-02
  -1.5976000e+01  -2.7715038e+01  -1.2794623e-02
  -1.3002773e+01  -2.9256047e+01  -1.2878471e-02
  -9.8900814e+00  -3.0471444e+01  -1.2791122e-02
  -6.6669357e+00  -3.1336730e+01  -1.2497852e-02
  -3.3658284e+00  -3.1841560e+01  -1.2004810e-02
  -2.3468668e-02  -3.1992722e+01  -1.1367643e-02
   3.3231811e+00  -3.1798033e+01  -1.0644963e-02
   6.6371586e+00  -3.1265310e+01  -9.8953849e-03
   9.8815017e+00  -3.0402370e+01  -9.1775219e-03
   1.3019248e+01  -2.9217030e+01  -8.5499878e-03
   1.6013435e+01  -2.7717106e+01  -8.0713962e-03
   1.8827101e+01  -2.5910417e+01  -7.8003609e-03
   2.1424422e+01  -2.3806343e+01  -7.7876558e-03
   2.3780794e+01  -2.1429699e+01  -8.0067834e-03
   2.5878000e+01  -1.8814079e+01  -8.3872739e-03
   2.7697896e+01  -1.5993178e+01  -8.8581484e-03
   2.9222338e+01  -1.3000694e+01  -9.3484283e-03
   3.0433181e+01  -9.8703226e+00  -9.7871347e-03
   3.1312283e+01  -6.6357591e+00  -1.0103289e-02
   3.1841498e+01  -3.3307001e+00  -1.0225912e-02
   3.2002684e+01   1.1158261e-02  -1.0084026e-02
   3.5667133e+01   1.3093944e-02  -7.7251616e-03
   3.5472960e+01   3.7224245e+00  -7.4874913e-03
   3.4880335e+01   7.4000330e+00  -6.9697725e-03
   3.3905870e+01   1.1005427e+01  -6.2425457e-03
   3.2566175e+01   1.4498115e+01  -5.3763518e-03
   3.0877862e+01   1.7837603e+01  -4.4417314e-03
   2.8857542e+01   2.0983400e+01  -3.5092253e-03
   2.6521825e+01   2.3895012e+01  -2.6493741e-03
   2.3887412e+01   2.6532055e+01  -1.9323970e-03
   2.0978895e+01   2.8863518e+01  -1.4001850e-03
   1.7834813e+01   3.0874968e+01  -1.0445484e-03
   1.4495134e+01   3.2553666e+01  -8.5217772e-04
   1.0999825e+01   3.3886872e+01  -8.0976325e-04
   7.3888515e+00   3.4861849e+01  -9.0399537e-04
   3.7021810e+00   3.5465856e+01  -1.1215645e-03
  -2.0219886e-02   3.5686155e+01  -1.4491609e-03
  -3.7383844e+00   3.5510008e+01  -1.8734750e-03
  -7.4124967e+00   3.4925810e+01  -2.3806950e-03
  -1.1005297e+01   3.3941196e+01  -2.9485073e-03
  -1.4481655e+01   3.2579838e+01  -3.5475095e-03
  -1.7806508e+01   3.0865900e+01  -4.1480822e-03
  -2.0944791e+01   2.8823544e+01  -4.7206062e-03
  -2.3861440e+01   2.6476933e+01  -5.2354621e-03
  -2.6521392e+01   2.3850231e+01  -5.6630306e-03
  -2.8889581e+01   2.0967601e+01  -5.9736924e-03
  -3.0930945e+01   1.7853206e+01  -6.1378282e-03
  -3.2613856e+01   1.4533104e+01  -6.1340075e-03
  -3.3928001e+01   1.1045096e+01  -5.9915837e-03
  -3.4871225e+01   7.4314808e+00  -5.7593520e-03
  -3.5441393e+01   3.7345674e+00  -5.4861469e-03
  -3.5636368e+01  -3.3368856e-03  -5.2208030e-03
  -3.5454011e+01  -3.7399239e+00  -5.0121546e-03
  -3.4892186e+01  -7.4328859e+00  -4.9090365e-03
  -3.3948757e+01  -1.1039915e+01  -4.9602830e-03
  -3.2621602e+01  -1.4518709e+01  -5.2146730e-03
  -3.0917049e+01  -1.7830542e+01  -5.6918348e-03
  -2.8863696e+01  -2.0946107e+01  -6.3345492e-03
  -2.6493768e+01  -2.3837630e+01  -7.0730819e-03
  -2.3839491e+01  -2.6477338e+01  -7.8376990e-03
  -2.0933090e+01  -2.8837460e+01  -8.5586661e-03
  -1.7806790e+01  -3.0890223e+01  -9.1662492e-03
  -1.4492816e+01  -3.2607853e+01  -9.5907142e-03
  -1.1023395e+01  -3.3962578e+01  -9.7623268e-03
  -7.4308673e+00  -3.4927098e+01  -9.6133958e-03
  -3.7514524e+00  -3.5489880e+01  -9.1443911e-03
  -2.6065178e-02  -3.5658484e+01  -8.4383168e-03
   3.7040978e+00  -3.5441614e+01  -7.5831272e-03
   7.3978402e+00  -3.4847975e+01  -6.6667767e-03
   1.1013965e+01  -3.3886272e+01  -5.7772197e-03
   1.4511277e+01  -3.2565210e+01  -5.0024106e-03
   1.7848578e+01  -3.0893492e+01  -4.4303038e-03
   2.0984673e+01  -2.8879824e+01  -4.1488536e-03
   2.3879632e+01  -2.6534656e+01  -4.2342274e-03
   2.6506014e+01  -2.3885644e+01  -4.6464138e-03
   2.8843486e+01  -2.0970237e+01  -5.2792882e-03
   3.0871797e+01  -1.7825995e+01  -6.0259609e-03
   3.2570695e+01  -1.4490480e+01  -6.7795423e-03
   3.3919929e+01  -1.1001252e+01  -7.4331427e-03
   3.4899248e+01  -7.3958732e+00  -7.8798724e-03
   3.5488400e+01  -3.7119042e+00  -8.0128420e-03
   3.5667133e+01   1.3093944e-02  -7.7251616e-03
   3.9335596e+01   1.3606635e-02  -3.3969921e-03
   3.9121187e+01   4.1047278e+00  -3.5373263e-03
   3.8467395e+01   8.1606386e+00  -3.1991452e-03
   3.7392544e+01   1.2136733e+01  -2.5034903e-03
   3.5914959e+01   1.5988407e+01  -1.5714029e-03
   3.4052965e+01   1.9671053e+01  -5.2392426e-04
   3.1824887e+01   2.3140066e+01   5.1790431e-04
   2.9249049e+01   2.6350842e+01   1.4330415e-03
   2.6343875e+01   2.9258890e+01   2.1010836e-03
   2.3136482e+01   3.1830040e+01   2.4577945e-03
   1.9669358e+01   3.4048359e+01   2.5382350e-03
   1.5986559e+01   3.5899779e+01   2.3876175e-03
   1.2132145e+01   3.7370231e+01   2.0511547e-03
   8.1501741e+00   3.8445647e+01   1.5740591e-03
   4.0847041e+00   3.9111960e+01   1.0015431e-03
  -2.0206413e-02   3.9355100e+01   3.7881944e-04
  -4.1204993e+00   3.9161001e+01  -2.4889945e-04
  -8.1722819e+00   3.8516847e+01  -8.3764070e-04
  -1.2134465e+01   3.7431053e+01  -1.3644163e-03
  -1.5968296e+01   3.5929736e+01  -1.8237363e-03
  -1.9635095e+01   3.4039551e+01  -2.2106460e-03
  -2.3096182e+01   3.1787158e+01  -2.5201906e-03
  -2.6312876e+01   2.9199212e+01  -2.7474154e-03
  -2.9246497e+01   2.6302372e+01  -2.8873654e-03
  -3.1858365e+01   2.3123293e+01  -2.9350860e-03
  -3.4109798e+01   1.9688634e+01  -2.8856223e-03
  -3.5965908e+01   1.6027139e+01  -2.7384382e-03
  -3.7415320e+01   1.2180499e+01  -2.5204001e-03
  -3.8455660e+01   8.1953585e+00  -2.2688651e-03
  -3.9084571e+01   4.1183751e+00  -2.0212112e-03
  -3.9299698e+01  -3.7953220e-03  -1.8148169e-03
  -3.9098686e+01  -4.1244966e+00  -1.6870604e-03
  -3.8479179e+01  -8.1970725e+00  -1.6753199e-03
  -3.7438820e+01  -1.2174867e+01  -1.8169736e-03
  -3.5975273e+01  -1.6011231e+01  -2.1493512e-03
  -3.4095516e+01  -1.9663459e+01  -2.6842719e-03
  -3.1831086e+01  -2.3099236e+01  -3.3663052e-03
  -2.9217523e+01  -2.6287944e+01  -4.1290681e-03
  -2.6290363e+01  -2.9198960e+01  -4.9061780e-03
  -2.3085146e+01  -3.1801664e+01  -5.6312521e-03
  -1.9637409e+01  -3.4065436e+01  -6.2379077e-03
  -1.5982690e+01  -3.5959655e+01  -6.6597620e-03
  -1.2156528e+01  -3.7453700e+01  -6.8304323e-03
  -8.1945877e+00  -3.8517471e+01  -6.6854795e-03
  -4.1368174e+00  -3.9138246e+01  -6.2253200e-03
  -2.8346908e-02  -3.9324344e+01  -5.5289013e-03
   4.0853826e+00  -3.9085348e+01  -4.6798810e-03
   8.1589301e+00  -3.8430838e+01  -3.7619169e-03
   1.2146854e+01  -3.7370398e+01  -2.8586666e-03
   1.6003714e+01  -3.5913607e+01  -2.0537880e-03
   1.9684069e+01  -3.4070049e+01  -1.4309386e-03
   2.3142476e+01  -3.1849304e+01  -1.0737761e-03
   2.6334897e+01  -2.9262883e+01  -1.0548632e-03
   2.9231096e+01  -2.6341314e+01  -1.3374024e-03
   3.1808695e+01  -2.3125944e+01  -1.8223638e-03
   3.4045407e+01  -1.9658246e+01  -2.4099974e-03
   3.5918944e+01  -1.5979693e+01  -3.0005529e-03
   3.7407019e+01  -1.2131758e+01  -3.4942802e-03
   3.8487344e+01  -8.1559147e+00  -3.7914293e-03
   3.9137632e+01  -4.0936354e+00  -3.7922500e-03
   3.9335596e+01   1.3606635e-02  -3.3969921e-03
   4.3002960e+01   1.5163984e-02   6.1288283e-04
   4.2768481e+01   4.4876733e+00  -1.1254239e-04
   4.2053712e+01   8.9216075e+00  -7.8763611e-05
   4.0878676e+01   1.3268226e+01   5.3456402e-04
   3.9263396e+01   1.7478788e+01   1.5477854e-03
   3.7227892e+01   2.1504554e+01   2.7812452e-03
   3.4792187e+01   2.5296782e+01   4.0552885e-03
   3.1976303e+01   2.8806731e+01   5.1902601e-03
   2.8800370e+01   3.1985790e+01   6.0074498e-03
   2.5294026e+01   3.4796612e+01   6.4113823e-03
   2.1503721e+01   3.7221769e+01   6.4537312e-03
   1.7477624e+01   3.9245867e+01   6.2012142e-03
   1.3263902e+01   4.0853516e+01   5.7205489e-03
   8.9107232e+00   4.2029321e+01   5.0784528e-03
   4.4662566e+00   4.2757892e+01   4.3416435e-03
  -2.1329906e-02   4.3023837e+01   3.5768386e-03
  -4.5038682e+00   4.2811761e+01   2.8507558e-03
  -8.9333714e+00   4.2107646e+01   2.2277767e-03
  -1.3264920e+01   4.0920688e+01   1.7327448e-03
  -1.7456152e+01   3.9279443e+01   1.3575343e-03
  -2.1464785e+01   3.7213061e+01   1.0930111e-03
  -2.5248535e+01   3.4750689e+01   9.3004148e-04
  -2.8765119e+01   3.1921478e+01   8.5949129e-04
  -3.1972253e+01   2.8754575e+01   8.7222661e-04
  -3.4827654e+01   2.5279130e+01   9.5911347e-04
  -3.7289038e+01   2.1524291e+01   1.1110179e-03
  -3.9318267e+01   1.7521488e+01   1.3165907e-03
  -4.0902902e+01   1.3316296e+01   1.5507438e-03
  -4.2040344e+01   8.9597059e+00   1.7831301e-03
  -4.2728012e+01   4.5027197e+00   1.9833914e-03
  -4.2963327e+01  -3.6611946e-03   2.1211696e-03
  -4.2743710e+01  -4.5084349e+00   2.1661068e-03
  -4.2066581e+01  -8.9605999e+00   2.0878448e-03
  -4.0929360e+01  -1.3309154e+01   1.8560256e-03
  -3.9329488e+01  -1.7503105e+01   1.4403363e-03
  -3.7274589e+01  -2.1495767e+01   8.3405801e-04
  -3.4799142e+01  -2.5251816e+01   9.2671083e-05
  -3.1941997e+01  -2.8737777e+01  -7.1821461e-04
  -2.8742006e+01  -3.1920177e+01  -1.5329892e-03
  -2.5238018e+01  -3.4765540e+01  -2.2860429e-03
  -2.1468885e+01  -3.7240391e+01  -2.9117659e-03
  -1.7473458e+01  -3.9311257e+01  -3.3445483e-03
  -1.3290587e+01  -4.0944663e+01  -3.5187803e-03
  -8.9592630e+00  -4.2107702e+01  -3.3707814e-03
  -4.5231589e+00  -4.2786465e+01  -2.9012481e-03
  -3.1615548e-02  -4.2990037e+01  -2.1888285e-03
   4.4656859e+00  -4.2728887e+01  -1.3168463e-03
   8.9190644e+00  -4.2013481e+01  -3.6862521e-04
   1.3278839e+01  -4.0854286e+01   5.7251122e-04
   1.7495328e+01  -3.9261769e+01   1.4232393e-03
   2.1518852e+01  -3.7246397e+01   2.1002354e-03
   2.5299728e+01  -3.4818637e+01   2.5201758e-03
   2.8789808e+01  -3.1991065e+01   2.6105070e-03
   3.1956041e+01  -2.8797063e+01   2.4048302e-03
   3.4773967e+01  -2.5281845e+01   1.9971559e-03
   3.7219228e+01  -2.1490766e+01   1.4821933e-03
   3.9267463e+01  -1.7469180e+01   9.5465176e-04
   4.0894313e+01  -1.3262440e+01   5.0924061e-04
   4.2075419e+01  -8.9159006e+00   2.4066918e-04
   4.2786422e+01  -4.4749146e+00   2.4364681e-04
   4.3002960e+01   1.5163984e-02   6.1288283e-04
   4.6669312e+01   1.7176338e-02   3.8510214e-03
   4.6415105e+01   4.8708076e+00   2.7047859e-03
   4.5639636e+01   9.6826016e+00   2.5242380e-03
   4.4364630e+01   1.4399663e+01   3.0911415e-03
   4.2611808e+01   1.8969095e+01   4.1872605e-03
   4.0402897e+01   2.3338002e+01   5.5943589e-03
   3.7759618e+01   2.7453490e+01   7.0942007e-03
   3.4703696e+01   3.1262661e+01   8.4685498e-03
   3.1256973e+01   3.4712759e+01   9.5002885e-03
   2.7451613e+01   3.7763252e+01   1.0070792e-02
   2.3338039e+01   4.0395222e+01   1.0235561e-02
   1.8968535e+01   4.2591958e+01   1.0067895e-02
   1.4395390e+01   4.4336752e+01   9.6410968e-03
   9.6708903e+00   4.5612894e+01   9.0284674e-03
   4.8473217e+00   4.6403674e+01   8.3033079e-03
  -2.3028669e-02   4.6692383e+01   7.5389199e-03
  -4.8878741e+00   4.6462313e+01   6.8086046e-03
  -9.6951253e+00   4.5698241e+01   6.1830901e-03
  -1.4396032e+01   4.4410148e+01   5.6895433e-03
  -1.8944631e+01   4.2629026e+01   5.3188084e-03
  -2.3295041e+01   4.0386510e+01   5.0606185e-03
  -2.7401382e+01   3.7714235e+01   4.9047069e-03
  -3.1217776e+01   3.4643837e+01   4.8408068e-03
  -3.4698342e+01   3.1206951e+01   4.8586514e-03
  -3.7797202e+01   2.7435210e+01   4.9479739e-03
  -4.0468474e+01   2.3360252e+01   5.0985076e-03
  -4.2670775e+01   1.9016186e+01   5.2978242e-03
  -4.4390605e+01   1.4452472e+01   5.5200904e-03
  -4.5625133e+01   9.7244481e+00   5.7343414e-03
  -4.6371556e+01   4.8874624e+00   5.9096016e-03
  -4.6627066e+01  -3.1358787e-03   6.0148957e-03
  -4.6388856e+01  -4.8919978e+00   6.0192483e-03
  -4.5654122e+01  -9.7237745e+00   5.8916839e-03
  -4.4420057e+01  -1.4443117e+01   5.6012272e-03
  -4.2683876e+01  -1.8994685e+01   5.1169501e-03
  -4.0453850e+01  -2.3327815e+01   4.4327552e-03
  -3.7767397e+01  -2.7404170e+01   3.6080029e-03
  -3.4666681e+01  -3.1187419e+01   2.7127142e-03
  -3.1193868e+01  -3.4641232e+01   1.8169099e-03
  -2.7391123e+01  -3.7729280e+01   9.9061067e-04
  -2.3300609e+01  -4.0415233e+01   3.0383745e-04
  -1.8964492e+01  -4.2662761e+01  -1.7338897e-04
  -1.4424935e+01  -4.4435534e+01  -3.7104779e-04
  -9.7242576e+00  -4.5697840e+01  -2.2117627e-04
  -4.9098543e+00  -4.6434579e+01   2.7551775e-04
  -3.5272426e-02  -4.6655612e+01   1.0351757e-03
   4.8455722e+00  -4.6372296e+01   1.9689516e-03
   9.6787637e+00  -4.5595988e+01   2.9879996e-03
   1.4410386e+01  -4.4338045e+01   4.0034737e-03
   1.8986524e+01  -4.2609824e+01   4.9265280e-03
   2.3353262e+01  -4.0422682e+01   5.6683165e-03
   2.7456683e+01  -3.7787976e+01   6.1399934e-03
   3.1244533e+01  -3.4719354e+01   6.2638400e-03
   3.4680929e+01  -3.1253033e+01   6.0718158e-03
   3.7739301e+01  -2.7438077e+01   5.6582934e-03
   4.0393191e+01  -2.3323697e+01   5.1183679e-03
   4.2616139e+01  -1.8959103e+01   4.5471344e-03
   4.4381685e+01  -1.4393507e+01   4.0396880e-03
   4.5663369e+01  -9.6761216e+00   3.6911236e-03
   4.6434732e+01  -4.8561565e+00   3.5965364e-03
   4.6669312e+01   1.7176338e-02   3.8510214e-03
   5.0335247e+01   1.8753221e-02   6.0444516e-03
   5.0061697e+01   5.2534899e+00   4.9704645e-03
   4.9225773e+01   1.0443174e+01   4.8397398e-03
   4.7850927e+01   1.5530743e+01   5.4422909e-03
   4.5960610e+01   2.0459131e+01   6.5681308e-03
   4.3578274e+01   2.5171277e+01   8.0072728e-03
   4.0727370e+01   2.9610116e+01   9.5497302e-03
   3.7431349e+01   3.3718584e+01   1.0985516e-02
   3.3713790e+01   3.7439769e+01   1.2105695e-02
   2.9609400e+01   4.0729947e+01   1.2793901e-02
   2.5172567e+01   4.3568715e+01   1.3097423e-02
   2.0459688e+01   4.5938054e+01   1.3080279e-02
   1.5527162e+01   4.7819946e+01   1.2806489e-02
   1.0431387e+01   4.9196373e+01   1.2340073e-02
   5.2287619e+00   5.0049314e+01   1.1745048e-02
  -2.4315921e-02   5.0360753e+01   1.1085435e-02
  -5.2714479e+00   5.0112669e+01   1.0425252e-02
  -1.0456449e+01   4.9288650e+01   9.8265060e-03
  -1.5526739e+01   4.7899457e+01   9.3171285e-03
  -2.0432745e+01   4.5978511e+01   8.8966380e-03
  -2.5124986e+01   4.3559928e+01   8.5636842e-03
  -2.9553981e+01   4.0677822e+01   8.3169166e-03
  -3.3670248e+01   3.7366306e+01   8.1549851e-03
  -3.7424307e+01   3.3659496e+01   8.0765393e-03
  -4.0766676e+01   2.9591505e+01   8.0802288e-03
  -4.3647874e+01   2.5196449e+01   8.1647034e-03
  -4.6023268e+01   2.0511112e+01   8.3247998e-03
  -4.7878294e+01   1.5588843e+01   8.5317080e-03
  -4.9209897e+01   1.0489333e+01   8.7475654e-03
  -5.0015048e+01   5.2722823e+00   8.9344910e-03
  -5.0290716e+01  -2.6051080e-03   9.0546038e-03
  -5.0033871e+01  -5.2756270e+00   9.0700229e-03
  -4.9241482e+01  -1.0487081e+01   8.9428672e-03
  -4.7910519e+01  -1.5577264e+01   8.6352557e-03
  -4.6037975e+01  -2.0486484e+01   8.1093623e-03
  -4.3632767e+01  -2.5160093e+01   7.3559904e-03
  -4.0735258e+01  -2.9556743e+01   6.4414186e-03
  -3.7390927e+01  -3.3637255e+01   5.4442164e-03
  -3.3645254e+01  -3.7362447e+01   4.4429538e-03
  -2.9543721e+01  -4.0693139e+01   3.5162004e-03
  -2.5131808e+01  -4.3590149e+01   2.7425260e-03
  -2.0454996e+01  -4.6014297e+01   2.2005004e-03
  -1.5558764e+01  -4.7926402e+01   1.9686932e-03
  -1.0488759e+01  -4.9287950e+01   2.1233791e-03
  -5.2960983e+00  -5.0082655e+01   2.6642483e-03
  -3.8531887e-02  -5.0321149e+01   3.4982579e-03
   5.2257943e+00  -5.0015680e+01   4.5268030e-03
   1.0438734e+01  -4.9178493e+01   5.6512786e-03
   1.5542140e+01  -4.7821837e+01   6.7730797e-03
   2.0477868e+01  -4.5957957e+01   7.7936015e-03
   2.5187769e+01  -4.3599100e+01   8.6142390e-03
   2.9613699e+01  -4.0757513e+01   9.1363871e-03
   3.3699300e+01  -3.7447912e+01   9.2734628e-03
   3.7405850e+01  -3.3709349e+01   9.0573759e-03
   4.0704665e+01  -2.9594727e+01   8.5874661e-03
   4.3567176e+01  -2.5157108e+01   7.9638535e-03
   4.5964813e+01  -2.0449555e+01   7.2866582e-03
   4.7869008e+01  -1.5525130e+01   6.6560003e-03
   4.9251191e+01  -1.0436895e+01   6.1719998e-03
   5.0082794e+01  -5.2379133e+00   5.9347769e-03
   5.0335247e+01   1.8753221e-02   6.0444516e-03
   5.4001361e+01   1.9004161e-02   6.9202018e-03
   5.3708892e+01   5.6350796e+00   6.7402991e-03
   5.2812727e+01   1.1202879e+01   7.0976221e-03
   5.1338092e+01   1.6661166e+01   7.8640606e-03
   4.9310214e+01   2.1948703e+01   8.9115043e-03
   4.6754318e+01   2.7004255e+01   1.0111843e-02
   4.3695632e+01   3.1766585e+01   1.1336967e-02
   4.0159380e+01   3.6174457e+01   1.2458765e-02
   3.6170925e+01   4.0166794e+01   1.3349765e-02
   3.1767541e+01   4.3696683e+01   1.3938586e-02
   2.7007562e+01   4.6742244e+01   1.4253018e-02
   2.1951474e+01   4.9284158e+01   1.4330986e-02
   1.6659767e+01   5.1303106e+01   1.4210417e-02
   1.1192926e+01   5.2779768e+01   1.3929238e-02
   5.6114398e+00   5.3694824e+01   1.3525375e-02
  -2.4204882e-02   5.4028957e+01   1.3036754e-02
  -5.6535205e+00   5.3762845e+01   1.2501302e-02
  -1.1216247e+01   5.2878891e+01   1.1956231e-02
  -1.6655976e+01   5.1388638e+01   1.1426650e-02
  -2.1919509e+01   4.9327927e+01   1.0927575e-02
  -2.6953746e+01   4.6733344e+01   1.0473716e-02
  -3.1705588e+01   4.3641474e+01   1.0079782e-02
  -3.6121935e+01   4.0088901e+01   9.7604803e-03
  -4.0149687e+01   3.6112209e+01   9.5305207e-03
  -4.3735745e+01   3.1747985e+01   9.4046117e-03
  -4.6827008e+01   2.7032812e+01   9.3974621e-03
  -4.9375581e+01   2.2006145e+01   9.5170551e-03
  -5.1365837e+01   1.6725225e+01   9.7296650e-03
  -5.2794504e+01   1.1254107e+01   9.9855989e-03
  -5.3658335e+01   5.6568583e+00   1.0235131e-02
  -5.3954083e+01  -2.4546160e-03   1.0428536e-02
  -5.3678500e+01  -5.6597643e+00   1.0516089e-02
  -5.2828339e+01  -1.1251003e+01   1.0448064e-02
  -5.1400353e+01  -1.6712105e+01   1.0174736e-02
  -4.9391319e+01  -2.1979011e+01   9.6464448e-03
  -4.6810810e+01  -2.6993086e+01   8.8479347e-03
  -4.3702133e+01  -3.1709981e+01   7.8546462e-03
  -4.0114085e+01  -3.6087674e+01   6.7567901e-03
  -3.6095466e+01  -4.0084144e+01   5.6445771e-03
  -3.1695076e+01  -4.3657369e+01   4.6082179e-03
  -2.6961713e+01  -4.6765327e+01   3.7379234e-03
  -2.1944176e+01  -4.9365996e+01   3.1239041e-03
  -1.6691265e+01  -5.1417355e+01   2.8563709e-03
  -1.1251954e+01  -5.2878098e+01   3.0229281e-03
  -5.6810857e+00  -5.3730755e+01   3.6242144e-03
  -4.0608274e-02  -5.3986726e+01   4.5555647e-03
   5.6071050e+00  -5.3659142e+01   5.7059978e-03
   1.1199681e+01  -5.2761131e+01   6.9645327e-03
   1.6674745e+01  -5.1305826e+01   8.2201883e-03
   2.1969924e+01  -4.9306355e+01   9.3619834e-03
   2.7022844e+01  -4.6775849e+01   1.0278937e-02
   3.1771132e+01  -4.3727438e+01   1.0860068e-02
   3.6154333e+01  -4.0176902e+01   1.1007702e-02
   4.0130894e+01  -3.6166133e+01   1.0755332e-02
   4.3670025e+01  -3.1751882e+01   1.0211092e-02
   4.6741057e+01  -2.6991073e+01   9.4839770e-03
   4.9313323e+01  -2.1940631e+01   8.6829861e-03
   5.1356154e+01  -1.6657478e+01   7.9171159e-03
   5.2838882e+01  -1.1198539e+01   7.2953636e-03
   5.3730841e+01  -5.6207369e+00   6.9267265e-03
   5.4001361e+01   1.9004161e-02   6.9202018e-03
