LIST #  | qdelaunay Qz G TO outCubic
4OFF 72 24 1
# r4 between f2 f1
   -0.05     0.05    -0.05 4.907e-18 
    0.05    -0.05    -0.05 4.907e-18 
   -0.05    -0.05    -0.05 4.907e-18 
# r7 between f2 f1
    0.05     0.05    -0.05 4.907e-18 
   -0.05     0.05    -0.05 4.907e-18 
    0.05    -0.05    -0.05 4.907e-18 
# r13 between f2 f3
-1.735e-18        0        0     0.05 
    0.05    -0.05    -0.05 4.907e-18 
   -0.05    -0.05    -0.05 4.907e-18 
# r14 between f2 f4
-1.735e-18        0        0     0.05 
   -0.05     0.05    -0.05 4.907e-18 
   -0.05    -0.05    -0.05 4.907e-18 
# r12 between f2 f13
    0.05     0.05    -0.05 4.907e-18 
-1.735e-18        0        0     0.05 
   -0.05     0.05    -0.05 4.907e-18 
# r11 between f2 f12
    0.05     0.05    -0.05 4.907e-18 
-1.735e-18        0        0     0.05 
    0.05    -0.05    -0.05 4.907e-18 
# r5 between f3 f1
   -0.05    -0.05     0.05 4.907e-18 
    0.05    -0.05    -0.05 4.907e-18 
   -0.05    -0.05    -0.05 4.907e-18 
# r15 between f3 f1
    0.05    -0.05     0.05 4.907e-18 
   -0.05    -0.05     0.05 4.907e-18 
    0.05    -0.05    -0.05 4.907e-18 
# r21 between f3 f4
-1.735e-18        0        0     0.05 
   -0.05    -0.05     0.05 4.907e-18 
   -0.05    -0.05    -0.05 4.907e-18 
# r20 between f3 f17
    0.05    -0.05     0.05 4.907e-18 
-1.735e-18        0        0     0.05 
   -0.05    -0.05     0.05 4.907e-18 
# r19 between f3 f12
    0.05    -0.05     0.05 4.907e-18 
-1.735e-18        0        0     0.05 
    0.05    -0.05    -0.05 4.907e-18 
# r8 between f12 f1
    0.05     0.05    -0.05        0 
    0.05     0.05     0.05        0 
    0.05    -0.05    -0.05        0 
# r24 between f12 f13
    0.05     0.05    -0.05        0 
    0.05     0.05     0.05        0 
-6.641e-18        0        0     0.05 
# r16 between f12 f1
    0.05    -0.05     0.05        0 
    0.05     0.05     0.05        0 
    0.05    -0.05    -0.05        0 
# r23 between f12 f17
    0.05    -0.05     0.05        0 
    0.05     0.05     0.05        0 
-6.641e-18        0        0     0.05 
# r6 between f1 f4
   -0.05    -0.05     0.05        0 
   -0.05     0.05    -0.05        0 
   -0.05    -0.05    -0.05        0 
# r9 between f1 f13
    0.05     0.05    -0.05        0 
    0.05     0.05     0.05        0 
   -0.05     0.05    -0.05        0 
# r17 between f1 f17
    0.05    -0.05     0.05        0 
    0.05     0.05     0.05        0 
   -0.05    -0.05     0.05        0 
# r27 between f1 f17
   -0.05     0.05     0.05        0 
    0.05     0.05     0.05        0 
   -0.05    -0.05     0.05        0 
# r25 between f1 f4
   -0.05     0.05     0.05        0 
   -0.05    -0.05     0.05        0 
   -0.05     0.05    -0.05        0 
# r26 between f1 f13
   -0.05     0.05     0.05        0 
    0.05     0.05     0.05        0 
   -0.05     0.05    -0.05        0 
# r30 between f4 f17
   -0.05     0.05     0.05 4.907e-18 
-1.735e-18        0        0     0.05 
   -0.05    -0.05     0.05 4.907e-18 
# r29 between f4 f13
   -0.05     0.05     0.05 4.907e-18 
-1.735e-18        0        0     0.05 
   -0.05     0.05    -0.05 4.907e-18 
# r32 between f13 f17
   -0.05     0.05     0.05        0 
    0.05     0.05     0.05        0 
-1.735e-18 -4.907e-18        0     0.05 
3 0 1 2      0.5      0.5   0.1464 1 #r4 f2 f1
3 3 4 5      0.5      0.5   0.1464 1 #r7 f2 f1
3 6 7 8      0.5      0.5   0.1464 1 #r13 f2 f3
3 9 10 11      0.5      0.5   0.1464 1 #r14 f2 f4
3 12 13 14      0.5      0.5   0.1464 1 #r12 f2 f13
3 15 16 17      0.5      0.5   0.1464 1 #r11 f2 f12
3 18 19 20      0.5   0.1464      0.5 1 #r5 f3 f1
3 21 22 23      0.5   0.1464      0.5 1 #r15 f3 f1
3 24 25 26      0.5   0.1464      0.5 1 #r21 f3 f4
3 27 28 29      0.5   0.1464      0.5 1 #r20 f3 f17
3 30 31 32      0.5   0.1464      0.5 1 #r19 f3 f12
3 33 34 35   0.8536      0.5      0.5 1 #r8 f12 f1
3 36 37 38   0.8536      0.5      0.5 1 #r24 f12 f13
3 39 40 41   0.8536      0.5      0.5 1 #r16 f12 f1
3 42 43 44   0.8536      0.5      0.5 1 #r23 f12 f17
3 45 46 47      0.5      0.5      0.5 1 #r6 f1 f4
3 48 49 50      0.5      0.5      0.5 1 #r9 f1 f13
3 51 52 53      0.5      0.5      0.5 1 #r17 f1 f17
3 54 55 56      0.5      0.5      0.5 1 #r27 f1 f17
3 57 58 59      0.5      0.5      0.5 1 #r25 f1 f4
3 60 61 62      0.5      0.5      0.5 1 #r26 f1 f13
3 63 64 65   0.1464      0.5      0.5 1 #r30 f4 f17
3 66 67 68   0.1464      0.5      0.5 1 #r29 f4 f13
3 69 70 71      0.5   0.8536      0.5 1 #r32 f13 f17
